Type	POS	Headword	Rank	Freq	Range	NormFreq	NormRange
energy			1	2948	1	13757.379	1.000
said			2	2728	1	12730.709	1.000
gas			3	1636	1	7634.692	1.000
climate			4	1618	1	7550.692	1.000
power			5	1329	1	6202.021	1.000
new			6	1064	1	4965.350	1.000
would			7	1054	1	4918.683	1.000
oil			8	1029	1	4802.016	1.000
solar			9	864	1	4032.013	1.000
percent			10	792	1	3696.012	1.000
electricity		11	777	1	3626.012	1.000
states			12	768	1	3584.012	1.000
wind			13	754	1	3518.678	1.000
coal			14	737	1	3439.345	1.000
united			15	734	1	3425.345	1.000
fossil			16	726	1	3388.011	1.000
world			17	701	1	3271.344	1.000
could			18	686	1	3201.344	1.000
emissions		19	679	1	3168.677	1.000
change			20	658	1	3070.677	1.000
like			21	651	1	3038.010	1.000
state			22	641	1	2991.343	1.000
global			23	622	1	2902.676	1.000
some			24	612	1	2856.010	1.000
countries		25	599	1	2795.343	1.000
electric		26	595	1	2776.676	1.000
country			27	594	1	2772.009	1.000
years			28	594	1	2772.009	1.000
renewable		29	582	1	2716.009	1.000
government		30	559	1	2608.675	1.000
clean			31	553	1	2580.675	1.000
last			33	549	1	2562.009	1.000
president		34	533	1	2487.342	1.000
company			35	526	1	2454.675	1.000
fuels			36	524	1	2445.341	1.000
companies		37	506	1	2361.341	1.000
many			38	497	1	2319.341	1.000
china			39	487	1	2272.674	1.000
carbon			40	475	1	2216.674	1.000
natural			41	471	1	2198.007	1.000
now			42	464	1	2165.341	1.000
trump			43	462	1	2156.007	1.000
people			44	450	1	2100.007	1.000
transition		45	427	1	1992.673	1.000
europe			46	418	1	1950.673	1.000
fuel			47	418	1	1950.673	1.000
projects		48	414	1	1932.006	1.000
two			49	414	1	1932.006	1.000
billion			50	406	1	1894.673	1.000
biden			51	404	1	1885.340	1.000
much			52	404	1	1885.340	1.000
plants			53	387	1	1806.006	1.000
make			54	385	1	1796.673	1.000
industry		55	379	1	1768.673	1.000
most			56	371	1	1731.339	1.000
time			57	369	1	1722.006	1.000
according		58	331	1	1544.672	1.000
nations			59	327	1	1526.005	1.000
nuclear			60	324	1	1512.005	1.000
european		61	315	1	1470.005	1.000
need			62	314	1	1465.338	1.000
hydrogen		63	309	1	1442.005	1.000
production		64	306	1	1428.005	1.000
only			65	303	1	1414.005	1.000
demand			66	302	1	1409.338	1.000
long			67	297	1	1386.005	1.000
environmental		68	296	1	1381.338	1.000
prices			69	296	1	1381.338	1.000
administration		70	294	1	1372.005	1.000
help			71	293	1	1367.338	1.000
including		72	288	1	1344.004	1.000
warming			73	284	1	1325.338	1.000
first			74	282	1	1316.004	1.000
heat			75	281	1	1311.338	1.000
use			76	280	1	1306.671	1.000
made			77	278	1	1297.338	1.000
