Type	POS	Headword	Rank	Freq	Range	NormFreq	NormRange
energy			1	2843	1	17404.560	1.000
said			2	2438	1	14925.190	1.000
gas			3	1626	1	9954.208	1.000
climate			4	1429	1	8748.194	1.000
fossil			5	945	1	5785.195	1.000
would			6	885	1	5417.881	1.000
new			7	843	1	5160.761	1.000
government		8	764	1	4677.131	1.000
emissions		9	762	1	4664.887	1.000
oil			10	756	1	4628.156	1.000
power			11	743	1	4548.571	1.000
fuel			12	616	1	3771.090	1.000
carbon			13	606	1	3709.871	1.000
uk			14	597	1	3654.774	1.000
world			15	574	1	3513.970	1.000
renewable		16	555	1	3397.654	1.000
coal			17	554	1	3391.532	1.000
electricity		18	534	1	3269.094	1.000
global			21	507	1	3103.803	1.000
countries		22	484	1	2962.999	1.000
us			23	465	1	2846.683	1.000
bn			24	450	1	2754.855	1.000
fuels			25	446	1	2730.367	1.000
can			26	445	1	2724.245	1.000
projects		27	426	1	2607.929	1.000
solar			28	417	1	2552.832	1.000
companies		29	410	1	2509.979	1.000
industry		30	396	1	2424.272	1.000
crisis			31	393	1	2405.906	1.000
transition		32	393	1	2405.906	1.000
prices			33	384	1	2350.809	1.000
years			34	382	1	2338.566	1.000
clean			35	376	1	2301.834	1.000
last			36	374	1	2289.590	1.000
zero			37	371	1	2271.225	1.000
people			38	365	1	2234.493	1.000
net			39	359	1	2197.762	1.000
green			40	354	1	2167.152	1.000
some			41	352	1	2154.909	1.000
one			42	343	1	2099.811	1.000
wind			43	331	1	2026.349	1.000
need			45	316	1	1934.520	1.000
change			46	306	1	1873.301	1.000
most			47	305	1	1867.179	1.000
investment		48	303	1	1854.935	1.000
report			49	300	1	1836.570	1.000
company			50	296	1	1812.082	1.000
according		51	294	1	1799.838	1.000
so			52	292	1	1787.595	1.000
market			53	277	1	1695.766	1.000
bills			54	271	1	1659.035	1.000
time			55	269	1	1646.791	1.000
australia		56	266	1	1628.425	1.000
price			57	257	1	1573.328	1.000
support			58	257	1	1573.328	1.000
should			59	255	1	1561.084	1.000
renewables		60	254	1	1554.962	1.000
use			61	252	1	1542.719	1.000
plans			62	247	1	1512.109	1.000
cop			63	246	1	1505.987	1.000
cost			64	245	1	1499.865	1.000
low			65	240	1	1469.256	1.000
make			66	239	1	1463.134	1.000
found			67	235	1	1438.646	1.000
because			68	234	1	1432.524	1.000
help			69	233	1	1426.403	1.000
many			70	232	1	1420.281	1.000
country			71	229	1	1401.915	1.000
state			72	226	1	1383.549	1.000
production		73	223	1	1365.184	1.000
public			73	223	1	1365.184	1.000
first			75	222	1	1359.062	1.000
target			76	218	1	1334.574	1.000
