Type	POS	Headword	Rank	Freq	Range	NormFreq	NormRange
energy			1	3059	1	34584.120	1.000
india			2	1219	1	13781.642	1.000
said			3	1047	1	11837.062	1.000
renewable		4	980	1	11079.581	1.000
power			5	843	1	9530.701	1.000
transition		6	715	1	8083.572	1.000
solar			7	698	1	7891.375	1.000
green			8	682	1	7710.484	1.000
capacity		9	528	1	5969.407	1.000
climate			10	493	1	5573.707	1.000
clean			11	457	1	5166.702	1.000
state			12	397	1	4488.361	1.000
global			13	391	1	4420.527	1.000
new			14	350	1	3956.993	1.000
coal			15	325	1	3674.351	1.000
hydrogen		16	322	1	3640.434	1.000
sector			17	298	1	3369.097	1.000
world			18	291	1	3289.957	1.000
electricity		19	290	1	3278.651	1.000
wind			20	283	1	3199.512	1.000
government		21	263	1	2973.398	1.000
fossil			22	261	1	2950.786	1.000
investment		22	261	1	2950.786	1.000
emissions		23	255	1	2882.952	1.000
carbon			24	251	1	2837.729	1.000
projects		25	250	1	2826.424	1.000
change			26	242	1	2735.978	1.000
country			27	242	1	2735.978	1.000
minister		28	231	1	2611.615	1.000
development		29	227	1	2566.393	1.000
report			30	225	1	2543.781	1.000
mw			31	219	1	2475.947	1.000
sustainable		32	217	1	2453.336	1.000
crore			33	216	1	2442.030	1.000
generation		34	215	1	2430.724	1.000
growth			35	211	1	2385.502	1.000
just			36	211	1	2385.502	1.000
billion			37	208	1	2351.584	1.000
company			38	199	1	2249.833	1.000
project			39	195	1	2204.610	1.000
zero			40	192	1	2170.693	1.000
net			41	187	1	2114.165	1.000
fuel			42	185	1	2091.554	1.000
gas			43	183	1	2068.942	1.000
countries		44	181	1	2046.331	1.000
sources			45	180	1	2035.025	1.000
fuels			46	179	1	2023.719	1.000
need			47	178	1	2012.414	1.000
policy			48	178	1	2012.414	1.000
states			49	177	1	2001.108	1.000
companies		50	176	1	1989.802	1.000
storage			51	175	1	1978.497	1.000
adani			52	164	1	1854.134	1.000
future			53	164	1	1854.134	1.000
largest			54	164	1	1854.134	1.000
million			55	158	1	1786.300	1.000
group			56	157	1	1774.994	1.000
set			57	157	1	1774.994	1.000
support			58	154	1	1741.077	1.000
technology		59	154	1	1741.077	1.000
potential		60	153	1	1729.771	1.000
market			61	152	1	1718.466	1.000
industry		62	147	1	1661.937	1.000
gujarat			63	145	1	1639.326	1.000
oil			64	144	1	1628.020	1.000
cost			65	142	1	1605.409	1.000
international		66	142	1	1605.409	1.000
technologies		67	142	1	1605.409	1.000
infrastructure		68	141	1	1594.103	1.000
manufacturing		69	141	1	1594.103	1.000
demand			70	136	1	1537.574	1.000
economic		71	133	1	1503.657	1.000
target			72	133	1	1503.657	1.000
production		73	129	1	1458.435	1.000
plants			74	127	1	1435.823	1.000
supply			75	125	1	1413.212	1.000
investments		76	124	1	1401.906	1.000
economy			77	123	1	1390.600	1.000
access			78	122	1	1379.295	1.000
national		79	122	1	1379.295	1.000
indian			80	121	1	1367.989	1.000
installed		81	120	1	1356.683	1.000
renewables		82	118	1	1334.072	1.000
total			83	118	1	1334.072	1.000
meet			84	117	1	1322.766	1.000
nuclear			85	117	1	1322.766	1.000
low			86	116	1	1311.461	1.000
plans			87	114	1	1288.849	1.000
significant		88	114	1	1288.849	1.000
according		89	113	1	1277.543	1.000
expected		90	111	1	1254.932	1.000
achieve			91	110	1	1243.626	1.000
re			92	110	1	1243.626	1.000
plant			93	108	1	1221.015	1.000
meeting			94	107	1	1209.709	1.000
key			95	104	1	1175.792	1.000
time			96	104	1	1175.792	1.000
study			97	103	1	1164.487	1.000
director		98	102	1	1153.181	1.000
invest			99	102	1	1153.181	1.000
