Type	POS	Headword	Rank	Freq	Range	NormFreq	NormRange
brazil			1	124	1	9373.346	1.000
energy			2	121	1	9146.572	1.000
climate			3	110	1	8315.065	1.000
brazilian		4	62	1	4686.673	1.000
government		5	61	1	4611.082	1.000
new			6	54	1	4081.941	1.000
oil			7	54	1	4081.941	1.000
environmental		8	53	1	4006.350	1.000
president		9	53	1	4006.350	1.000
country			10	51	1	3855.167	1.000
said			11	50	1	3779.575	1.000
company			12	46	1	3250.435	1.000
environment		13	45	1	3250.435	1.000
indigenous		14	44	1	3250.445	1.000
renewable		15	44	1	3250.447	1.000
resources		16	43	1	3250.450	1.000
global			17	42	1	3174.843	1.000
change			18	41	1	3099.252	1.000
transition		19	37	1	2796.886	1.000
need			20	35	1	2645.703	1.000
institute		21	34	1	2570.111	1.000
million			22	34	1	2570.111	1.000
world			23	34	1	2570.111	1.000
amazon			24	31	1	2343.337	1.000
people			25	30	1	2267.745	1.000
plant			26	30	1	2267.745	1.000
sector			27	30	1	2267.745	1.000
area			28	29	1	2192.154	1.000
billion			29	29	1	2192.154	1.000
natural			30	29	1	2192.154	1.000
project			31	29	1	2192.154	1.000
between			32	28	1	2116.562	1.000
national		33	28	1	2116.562	1.000
social			34	28	1	2116.562	1.000
sustainable		35	28	1	2116.562	1.000
would			36	28	1	2116.562	1.000
first			37	27	1	2040.971	1.000
crisis			38	26	1	1965.379	1.000
deforestation		39	26	1	1965.379	1.000
her			40	26	1	1965.379	1.000
hydroelectric		41	26	1	1965.379	1.000
region			42	26	1	1965.379	1.000
areas			43	25	1	1889.788	1.000
bolsonaro		44	25	1	1889.788	1.000
during			45	25	1	1889.788	1.000
international		46	25	1	1889.788	1.000
minister		47	25	1	1889.788	1.000
petrobras		48	25	1	1889.788	1.000
pt			49	25	1	1889.788	1.000
federal			50	24	1	1814.196	1.000
had			51	24	1	1814.196	1.000
state			52	24	1	1814.196	1.000
can			53	23	1	1738.605	1.000
clean			54	23	1	1738.605	1.000
emissions		55	23	1	1738.605	1.000
investment		56	23	1	1738.605	1.000
most			57	23	1	1738.605	1.000
production		58	23	1	1738.605	1.000
time			59	23	1	1738.605	1.000
use			60	23	1	1738.605	1.000
already			61	22	1	1663.013	1.000
could			62	21	1	1587.422	1.000
gas			63	21	1	1587.422	1.000
green			64	21	1	1587.422	1.000
made			65	21	1	1587.422	1.000
market			66	21	1	1587.422	1.000
plants			67	21	1	1587.422	1.000
agreement		68	86	1	1511.830	1.000
last			69	20	1	1511.830	1.000
public			70	20	1	1511.830	1.000
cop			71	19	1	1436.239	1.000
fossil			72	19	1	1436.239	1.000
itaipu			73	19	1	1436.239	1.000
power			74	19	1	1436.239	1.000
support			75	19	1	1436.239	1.000
bill			76	18	1	1360.647	1.000
called			77	18	1	1360.647	1.000
economic		78	18	1	1360.647	1.000
